Vtko = 10; %m/s
A = 9.81*(7.61875/8);
B = (9.81/8); 